          SH  0001      -2831687.527         4675733.442       3275327.422
          BJ  0002      -2201304.95973       4324789.01238     4125367.65769
          KM  0003      -1281153.10894       5640864.42403     2682653.36956
          UR  0004       228310.7200         4631922.7950      4367063.9880
          TM  0005      -2826708.85205       4679236.99115     3274667.48147
          WZ  0031       4075539.60900       931735.54550      4801629.54270
          HH  0032       5085442.76370       2668263.79130    -2768696.75230
          HT  0033       5085490.79840       2668161.50880    -2768692.60180
          SV  0034       2730173.64720       1562442.79750     5529969.15560
          MC  0035       4461369.67180       919597.13490      4449559.39950
          YS  0036       4848761.80270      -261484.17460      4123085.05290
          ZC  0037       3451207.50720       3060375.42160     4391915.05640
          BD  0038      -838201.10310        3865751.55470     4987670.89190
          HB  0040      -3949990.106         2522421.118      -4311708.734
          HO  0041      -3950236.737         2522347.560      -4311562.539
          KE  0042      -4147354.060         4581542.627      -1573304.191
          CD  0043      -3753442.731         3912709.767      -3348067.582
	      JS  0006      -2872640             3331380           4603410 
          KS  0007       1150040             4870660           3943040    
          YG  9999      -2389008             5043332          -3078526
          UM  9998       228310.7200         4631922.7950      4367063.9880
          S6  9997      -2831687.527         4675733.442       3275327.422
          TM  9996      -2831687.527         4675733.442       3275327.422